data/Cavone/1/dem_1.asc
ncols         106
nrows         69
xllcorner     592848
yllcorner     4475576
cellsize      240
NODATA_value  -9999
[rows 0 to 37 of 69, columns 0 to 83 of 106]
-9999 -9999 -9999 -9999 -9999 -9999 -9999 -9999 -9999 -9999 -9999 -9999 -9999 -9999 -9999 -9999 -9999 -9999 -9999 -9999 -9999 -9999 -9999 -9999 -9999 -9999 696 707 706 711 660 630 635 646 635 665 695 -9999 -9999 -9999 -9999 -9999 -9999 -9999 -9999 -9999 -9999 -9999 -9999 -9999 -9999 -9999 -9999 -9999 -9999 -9999 -9999 -9999 -9999 -9999 -9999 -9999 -9999 -9999 -9999 -9999 -9999 -9999 -9999 -9999 560 -9999 -9999 -9999 -9999 -9999 -9999 -9999 -9999 -9999 -9999 -9999 -9999 -9999
-9999 -9999 -9999 -9999 -9999 -9999 -9999 -9999 -9999 -9999 -9999 -9999 -9999 -9999 -9999 -9999 -9999 -9999 -9999 -9999 -9999 -9999 -9999 -9999 680 663 670 620 625 640 630 590 600 600 600 638 660 690 -9999 -9999 -9999 -9999 -9999 -9999 -9999 -9999 -9999 -9999 -9999 -9999 -9999 -9999 -9999 -9999 -9999 -9999 -9999 -9999 -9999 -9999 -9999 -9999 -9999 -9999 -9999 -9999 -9999 -9999 -9999 495 539 550 545 -9999 -9999 -9999 -9999 -9999 -9999 -9999 -9999 -9999 -9999 -9999
-9999 -9999 -9999 -9999 -9999 -9999 -9999 -9999 -9999 -9999 -9999 -9999 -9999 -9999 -9999 -9999 -9999 -9999 -9999 -9999 -9999 -9999 -9999 680 640 610 580 575 575 582 580 563 575 550 570 610 635 665 678 -9999 -9999 -9999 -9999 -9999 -9999 -9999 -9999 -9999 -9999 -9999 -9999 -9999 -9999 -9999 -9999 -9999 -9999 -9999 -9999 -9999 -9999 -9999 -9999 -9999 -9999 -9999 -9999 -9999 -9999 450 478 495 518 548 -9999 -9999 -9999 -9999 -9999 -9999 -9999 -9999 -9999 -9999
-9999 -9999 -9999 -9999 -9999 -9999 -9999 -9999 -9999 -9999 -9999 -9999 -9999 -9999 -9999 -9999 -9999 -9999 -9999 -9999 -9999 -9999 718 675 600 600 590 575 560 540 535 520 540 520 538 580 605 635 660 660 -9999 -9999 -9999 -9999 -9999 -9999 -9999 -9999 -9999 -9999 -9999 -9999 -9999 -9999 -9999 -9999 -9999 -9999 -9999 -9999 -9999 -9999 -9999 -9999 -9999 -9999 -9999 -9999 -9999 420 440 452 470 525 568 595 602 -9999 -9999 -9999 -9999 -9999 -9999 -9999
-9999 -9999 -9999 -9999 -9999 -9999 -9999 -9999 -9999 -9999 -9999 -9999 -9999 -9999 -9999 -9999 -9999 -9999 -9999 -9999 -9999 -9999 723 650 640 660 668 637 620 590 560 508 502 500 518 545 572 606 620 623 632 -9999 -9999 -9999 -9999 -9999 -9999 -9999 -9999 -9999 -9999 -9999 -9999 -9999 -9999 -9999 -9999 -9999 -9999 -9999 -9999 -9999 -9999 -9999 -9999 -9999 -9999 -9999 390 410 400 418 440 482 518 567 598 -9999 -9999 -9999 -9999 -9999 -9999 -9999
-9999 -9999 -9999 -9999 -9999 -9999 -9999 -9999 -9999 -9999 -9999 -9999 -9999 -9999 -9999 -9999 -9999 -9999 -9999 -9999 -9999 735 700 668 675 720 695 665 670 650 600 555 558 510 485 520 557 578 570 577 608 627 635 615 598 585 -9999 -9999 -9999 -9999 -9999 -9999 -9999 -9999 -9999 -9999 -9999 -9999 -9999 -9999 -9999 -9999 -9999 -9999 -9999 -9999 -9999 377 370 365 393 398 410 425 485 539 593 587 -9999 -9999 -9999 -9999 -9999 -9999
-9999 -9999 -9999 -9999 -9999 -9999 -9999 -9999 -9999 -9999 -9999 -9999 -9999 -9999 -9999 -9999 -9999 -9999 -9999 -9999 775 720 690 715 695 730 720 705 708 703 650 627 610 543 480 485 518 520 540 545 578 587 598 605 572 562 555 -9999 -9999 -9999 -9999 -9999 -9999 -9999 -9999 -9999 -9999 -9999 -9999 -9999 -9999 -9999 -9999 -9999 -9999 -9999 -9999 350 350 378 408 375 400 440 488 524 575 586 -9999 -9999 -9999 -9999 -9999 -9999
-9999 -9999 -9999 -9999 -9999 -9999 -9999 -9999 -9999 -9999 -9999 -9999 -9999 -9999 -9999 -9999 -9999 -9999 -9999 -9999 792 757 725 740 725 758 753 744 735 735 707 686 642 580 525 450 450 465 518 518 545 543 570 575 550 530 520 518 -9999 -9999 -9999 -9999 -9999 -9999 -9999 -9999 -9999 -9999 -9999 -9999 -9999 -9999 -9999 -9999 -9999 -9999 338 382 388 395 375 385 410 412 455 499 537 585 -9999 -9999 -9999 -9999 -9999 -9999
-9999 -9999 -9999 -9999 -9999 -9999 -9999 -9999 -9999 -9999 -9999 -9999 -9999 -9999 -9999 -9999 -9999 -9999 -9999 856 834 786 760 766 765 787 772 752 718 708 720 727 675 603 537 500 477 436 490 485 495 478 527 536 515 490 492 488 510 -9999 -9999 -9999 -9999 -9999 -9999 390 368 350 350 350 348 -9999 -9999 -9999 338 333 355 383 360 350 360 383 375 375 415 468 530 585 -9999 -9999 -9999 -9999 -9999 -9999
-9999 -9999 -9999 -9999 -9999 -9999 -9999 -9999 -9999 -9999 -9999 -9999 -9999 -9999 -9999 -9999 -9999 -9999 -9999 -9999 866 790 800 782 778 785 755 730 707 665 690 715 660 600 562 535 504 435 463 455 455 442 470 493 485 470 460 470 495 507 520 -9999 -9999 -9999 435 405 400 370 356 340 325 352 356 345 336 330 362 338 350 380 335 342 355 380 420 480 545 597 -9999 -9999 -9999 -9999 -9999 -9999
-9999 -9999 -9999 -9999 -9999 -9999 -9999 -9999 -9999 -9999 -9999 -9999 -9999 -9999 -9999 -9999 -9999 -9999 -9999 -9999 890 835 845 810 800 770 730 683 688 630 630 690 684 650 613 568 525 460 425 425 420 418 435 450 460 420 435 468 464 470 487 482 484 472 458 440 437 430 383 361 332 325 352 335 340 330 330 335 375 335 350 380 382 396 452 500 573 585 -9999 -9999 -9999 -9999 -9999 -9999
-9999 -9999 -9999 -9999 -9999 -9999 -9999 -9999 -9999 -9999 -9999 -9999 -9999 -9999 -9999 -9999 -9999 -9999 -9999 -9999 925 885 885 860 800 745 703 645 625 590 580 645 668 673 665 583 535 500 455 460 420 400 390 395 410 420 470 463 436 436 435 437 468 440 450 465 475 468 418 383 360 334 325 325 348 322 326 370 366 328 336 380 415 440 470 520 577 -9999 -9999 -9999 -9999 -9999 -9999 -9999
-9999 -9999 -9999 -9999 -9999 -9999 -9999 -9999 -9999 -9999 -9999 -9999 -9999 -9999 -9999 -9999 -9999 -9999 -9999 1015 942 925 913 866 825 787 735 682 640 590 560 585 625 638 653 642 600 550 520 525 512 470 438 390 380 370 420 430 408 405 388 375 405 406 438 455 485 490 470 401 365 348 338 312 335 312 327 375 368 328 345 390 410 440 490 545 587 -9999 -9999 -9999 -9999 -9999 -9999 -9999
-9999 -9999 -9999 -9999 -9999 -9999 -9999 -9999 -9999 -9999 -9999 -9999 -9999 -9999 -9999 -9999 -9999 -9999 -9999 1063 1005 965 923 900 855 800 745 718 675 628 555 526 550 575 607 650 633 608 548 538 525 445 415 370 370 370 370 370 370 358 358 358 358 358 405 420 437 463 470 455 382 352 340 320 312 315 313 365 335 333 328 335 381 438 470 507 570 -9999 -9999 -9999 -9999 -9999 -9999 -9999
-9999 -9999 -9999 -9999 -9999 -9999 -9999 -9999 -9999 -9999 -9999 -9999 -9999 -9999 -9999 -9999 1050 1060 1053 1075 1052 1000 920 863 830 800 750 707 667 633 605 562 502 533 598 627 566 574 526 507 452 406 370 370 395 430 390 390 385 375 370 360 358 358 358 375 408 418 407 433 406 370 356 352 320 292 320 350 336 330 306 338 350 395 460 508 571 -9999 -9999 -9999 -9999 -9999 -9999 -9999
-9999 -9999 -9999 -9999 -9999 -9999 -9999 -9999 -9999 -9999 -9999 -9999 -9999 -9999 -9999 950 968 990 1032 1075 1095 990 925 845 780 760 723 695 682 657 635 595 530 500 550 612 550 517 475 450 420 370 392 420 433 470 465 450 465 455 435 400 390 387 375 358 358 358 362 358 405 385 368 350 318 292 345 330 323 325 300 315 357 415 465 498 530 558 -9999 -9999 -9999 -9999 -9999 -9999
-9999 -9999 -9999 -9999 -9999 -9999 -9999 -9999 -9999 -9999 -9999 -9999 -9999 -9999 922 903 900 957 990 1025 1025 1000 927 833 785 755 710 660 630 628 600 580 538 500 527 605 545 500 450 382 373 372 415 458 457 493 528 498 515 526 483 450 445 435 387 358 358 358 358 358 388 390 377 362 340 307 290 316 319 314 295 325 340 385 405 457 494 535 -9999 -9999 -9999 -9999 -9999 -9999
-9999 -9999 -9999 -9999 -9999 -9999 -9999 -9999 -9999 -9999 -9999 -9999 -9999 910 870 868 840 890 912 926 937 970 937 856 830 785 730 680 610 575 550 535 518 480 500 500 475 450 400 390 430 437 415 457 495 520 568 545 557 575 530 525 490 465 425 395 378 358 358 388 358 338 360 335 350 320 293 285 305 280 310 340 320 337 380 423 450 478 -9999 -9999 -9999 -9999 -9999 -9999
-9999 -9999 -9999 -9999 -9999 -9999 -9999 -9999 -9999 -9999 -9999 -9999 955 905 850 825 800 815 845 855 905 925 945 938 875 782 730 640 625 570 553 525 505 480 480 465 420 400 430 460 480 485 460 460 500 553 620 622 600 622 588 575 550 500 464 475 415 410 440 445 375 338 343 330 350 336 315 285 300 280 303 320 310 345 368 403 445 482 -9999 -9999 -9999 -9999 -9999 -9999
-9999 -9999 -9999 -9999 -9999 -9999 -9999 -9999 -9999 -9999 -9999 -9999 1000 900 835 792 765 760 785 787 825 868 895 923 868 775 740 665 625 585 568 550 520 545 580 520 450 425 498 520 550 535 515 484 507 552 615 640 653 667 669 620 665 585 538 475 435 455 480 478 418 360 308 305 307 325 362 317 280 280 310 300 313 350 380 438 488 525 548 -9999 -9999 -9999 -9999 -9999
-9999 -9999 -9999 -9999 -9999 -9999 -9999 -9999 -9999 -9999 -9999 -9999 1025 900 820 780 740 732 735 745 790 850 850 883 880 840 750 665 635 625 595 568 550 555 560 475 425 437 518 580 600 582 575 520 523 578 622 667 722 763 740 726 704 605 536 478 485 502 510 488 423 412 358 302 285 293 310 325 295 280 328 300 313 317 355 425 475 532 565 -9999 -9999 -9999 -9999 -9999
-9999 -9999 -9999 -9999 -9999 -9999 -9999 -9999 -9999 -9999 -9999 -9999 985 912 833 786 755 710 700 705 738 770 790 828 858 845 775 707 687 660 625 595 567 548 525 445 430 478 555 630 650 635 581 540 548 595 635 680 685 735 772 750 720 605 550 525 540 556 533 507 482 445 390 360 315 282 290 295 285 274 295 277 300 335 375 440 435 465 500 538 -9999 -9999 -9999 -9999
-9999 -9999 -9999 -9999 -9999 -9999 -9999 -9999 -9999 -9999 -9999 968 983 968 920 838 778 700 665 680 690 715 758 745 825 857 818 735 665 645 618 578 545 520 470 470 475 535 595 652 685 710 653 630 632 650 668 670 683 713 735 735 710 620 570 600 615 608 575 528 490 450 405 368 320 305 278 300 322 285 274 295 332 380 402 380 405 415 450 480 500 518 -9999 -9999
-9999 -9999 -9999 -9999 -9999 -9999 -9999 -9999 -9999 -9999 -9999 933 940 940 955 875 786 724 670 643 658 668 700 695 780 820 825 770 700 610 587 533 485 470 470 470 505 568 645 682 732 700 670 656 650 658 675 693 678 675 695 720 705 635 605 630 642 620 578 532 482 433 395 368 345 335 277 272 310 320 285 268 305 330 370 330 368 350 410 425 475 482 495 -9999
-9999 -9999 -9999 -9999 -9999 -9999 -9999 -9999 -9999 -9999 905 890 882 877 910 918 825 762 695 648 620 625 632 670 728 750 812 770 710 605 564 515 470 470 512 495 520 570 615 668 698 665 645 652 683 700 655 672 640 640 668 697 710 655 637 643 635 612 575 540 507 445 418 370 348 325 300 270 275 308 310 277 265 305 303 318 320 335 370 380 430 430 495 -9999
-9999 -9999 -9999 -9999 -9999 -9999 -9999 -9999 -9999 -9999 890 864 845 835 862 870 850 783 720 640 605 585 590 612 670 675 725 702 670 603 525 470 470 515 545 537 525 555 602 633 630 622 600 626 650 677 640 652 613 615 640 668 685 670 663 675 618 612 582 560 500 455 440 412 387 350 330 270 265 268 272 274 260 275 290 280 300 312 330 380 375 395 480 512
-9999 -9999 -9999 -9999 -9999 -9999 -9999 -9999 -9999 960 880 840 810 795 813 805 795 780 770 690 628 583 558 564 600 655 660 625 610 578 480 500 515 523 570 563 568 570 585 600 582 580 563 569 595 632 625 620 573 572 604 632 675 678 645 645 605 575 565 573 552 480 455 413 373 345 320 295 272 261 259 258 260 265 270 290 288 295 335 360 327 375 448 468
-9999 -9999 -9999 -9999 -9999 -9999 -9999 -9999 -9999 970 925 833 775 758 760 758 730 715 738 735 670 615 565 535 530 580 575 505 495 495 533 573 577 553 555 590 612 611 583 568 550 545 535 525 535 570 560 582 545 555 570 608 650 645 618 610 590 550 540 535 515 465 433 402 370 350 315 310 340 285 258 253 249 249 255 290 277 282 310 302 308 360 418 405
-9999 -9999 -9999 -9999 -9999 -9999 -9999 -9999 -9999 988 920 813 765 720 700 690 693 663 675 715 708 675 630 595 525 503 503 500 530 545 582 615 656 645 614 610 640 630 595 570 550 526 508 485 513 525 510 535 508 524 556 605 607 618 588 570 560 548 520 506 510 485 440 400 365 340 332 350 362 320 295 262 249 243 238 245 268 275 295 285 310 350 353 380
-9999 -9999 -9999 -9999 -9999 -9999 -9999 -9999 -9999 998 926 868 780 740 695 675 648 635 636 656 655 570 560 515 515 560 562 560 535 618 685 683 690 686 657 635 660 635 607 595 576 545 490 470 472 490 485 508 473 510 540 560 564 572 565 540 540 531 506 482 475 465 450 415 388 383 365 356 355 375 325 290 270 250 243 238 255 320 298 300 273 317 307 365
-9999 -9999 -9999 -9999 -9999 -9999 -9999 -9999 1035 1003 956 900 850 738 770 725 675 630 590 570 558 525 525 575 580 580 635 610 580 580 665 730 775 760 705 693 683 640 638 618 585 560 532 505 457 457 455 478 460 490 512 526 535 536 535 512 510 513 500 460 437 423 425 431 408 382 385 364 352 350 325 308 283 273 240 235 245 305 290 295 273 300 280 285
-9999 -9999 -9999 -9999 -9999 -9999 -9999 1132 1030 975 933 885 850 800 755 720 700 665 635 585 525 525 570 634 640 625 688 655 625 605 660 715 785 803 755 758 718 680 680 627 585 573 520 480 488 480 442 435 428 450 485 505 508 505 499 482 480 485 482 440 415 413 395 405 400 375 365 388 380 363 345 304 287 280 238 232 242 282 283 265 270 317 282 255
-9999 -9999 -9999 -9999 -9999 -9999 -9999 1150 1075 968 925 877 820 800 723 700 683 654 630 570 530 540 605 660 685 635 700 735 670 640 675 752 815 845 825 830 770 725 695 640 570 525 525 528 545 525 508 450 415 440 480 480 470 477 465 460 445 458 468 433 390 395 382 375 395 385 350 360 385 388 366 325 298 273 237 229 235 260 258 260 285 337 295 253
-9999 -9999 -9999 -9999 -9999 -9999 -9999 -9999 1112 1008 939 882 868 875 853 685 640 620 590 565 612 645 618 680 733 665 695 770 720 670 678 742 788 845 875 882 823 758 700 625 582 568 585 585 590 585 555 515 480 415 415 425 440 455 425 437 418 435 430 435 370 360 358 350 365 365 332 327 360 389 358 322 275 277 235 226 235 240 250 250 280 315 281 269
-9999 -9999 -9999 -9999 -9999 -9999 -9999 1113 1078 1033 980 935 953 960 850 800 688 637 580 628 662 665 635 668 732 700 715 780 785 719 690 735 790 850 -9999 -9999 817 785 715 650 633 620 -9999 -9999 -9999 -9999 562 560 525 470 415 395 400 430 395 422 390 410 390 415 405 345 320 340 345 332 300 313 350 375 355 323 305 250 233 225 232 244 278 265 280 315 274 258
-9999 -9999 -9999 -9999 -9999 -9999 -9999 1115 1118 1106 1014 988 1020 925 845 805 668 604 580 650 703 738 700 668 738 738 742 820 830 768 728 755 -9999 -9999 -9999 -9999 -9999 783 750 725 -9999 -9999 -9999 -9999 -9999 -9999 -9999 -9999 520 505 465 415 378 385 380 400 372 387 375 365 370 365 325 305 315 290 270 285 317 335 345 323 304 295 237 224 228 240 280 280 290 280 297 257
-9999 -9999 -9999 -9999 -9999 -9999 -9999 1080 1125 1125 1038 1050 1027 915 855 768 710 610 582 645 705 750 745 688 723 767 745 799 842 813 775 -9999 -9999 -9999 -9999 -9999 -9999 -9999 -9999 -9999 -9999 -9999 -9999 -9999 -9999 -9999 -9999 -9999 -9999 -9999 485 457 428 378 360 355 355 365 340 350 350 325 328 293 293 290 290 270 270 285 310 313 303 293 232 224 227 245 295 305 275 250 275 255
-9999 -9999 -9999 -9999 -9999 -9999 1080 1045 1062 1100 1055 1020 955 910 885 775 705 628 590 645 718 755 758 720 725 782 808 798 -9999 860 -9999 -9999 -9999 -9999 -9999 -9999 -9999 -9999 -9999 -9999 -9999 -9999 -9999 -9999 -9999 -9999 -9999 -9999 -9999 -9999 -9999 473 470 455 433 415 382 355 328 318 315 320 295 300 335 335 333 300 275 265 260 268 300 292 263 223 224 265 265 310 280 275 250 230
